49,4
49,3
49,2
49,1
49,0
48,4
48,3
48,2
48,1
48,0
0,507
47,4
47,3
47,2
47,1
47,0
0,506
0,505
0,504
0,503
0,502
0,501
46,4
46,3
46,2
0,500
46,1
46,0
0,499
0,498
0,497
0,496
0,495
0,494
0,493
0,492
0,491
45,4
45,3
45,2
45,1
45,0
0,490
0,489
0,488
0,487
0,486
44,4
44,3
44,2
44,1
44,0
43,4
43,3
43,2
43,1
43,0
0,485
0,484
0,483
0,482
0,481
0,480
42,5
42,4
42,3
42,2
42,1
42,0
41,4
41,3
41,2
41,1
41,0
40,3
40,2
40,1
40,0
0,479
39,6
0,478
0,477
0,476
0,475
0,474
0,473
0,472
0,471
39,5
39,4
39,3
39,2
39,1
39,0
0,470
38,4
38,3
38,2
38,1
38,0
0,469
0,468
37,6
0,467
0,466
0,465
0,464
0,463
0,462
0,461
0,460
0,459
0,458
0,457
0,456
0,455
0,454
0,453
0,452
0,451
0,450
37,5
37,4
37,3
37,2
0,449
37,1
37,0
0,448
0,447
0,446
0,445
0,444
0,443
0,442
0,441
0,440
0,439
0,438
0,437
0,436
0,435
0,434
0,433
0,432
36,4
